time_step 0.005
xyz 0.5 -0.5 0.5
hpr 90.0 -25.0 0.0

block 0.1 0.05285 0.00385 0 0 0
block 0.1 0.14715 0.00385 0 0 0
block 0.05285 0.1 0.01155 0 0 1.5708
block 0.14715 0.1 0.01155 0 0 1.5708
block 0.1 0.05285 0.01925 0 0 0
block 0.1 0.14715 0.01925 0 0 0
block 0.05285 0.1 0.02695 0 0 1.5708
block 0.14715 0.1 0.02695 0 0 1.5708
block 0.1 0.05285 0.03465 0 0 0
block 0.1 0.14715 0.03465 0 0 0
block 0.05285 0.1 0.04235 0 0 1.5708
block 0.14715 0.1 0.04235 0 0 1.5708
block 0.1 0.05285 0.05005 0 0 0
block 0.1 0.14715 0.05005 0 0 0
block 0.05285 0.1 0.05775 0 0 1.5708
block 0.14715 0.1 0.05775 0 0 1.5708

block 0.5 0.0451 0.0116 1.5708 0 0
block 0.5 0.1549 0.0116 1.5708 0 0
block 0.4451 0.1 0.0348 1.5708 0 1.5708
block 0.5549 0.1 0.0348 1.5708 0 1.5708
block 0.5 0.0451 0.058 1.5708 0 0
block 0.5 0.1549 0.058 1.5708 0 0
block 0.4451 0.1 0.0812 1.5708 0 1.5708
block 0.5549 0.1 0.0812 1.5708 0 1.5708
block 0.5 0.0451 0.1044 1.5708 0 0
block 0.5 0.1549 0.1044 1.5708 0 0
block 0.4451 0.1 0.1276 1.5708 0 1.5708
block 0.5549 0.1 0.1276 1.5708 0 1.5708
block 0.5 0.0451 0.1508 1.5708 0 0
block 0.5 0.1549 0.1508 1.5708 0 0
block 0.4451 0.1 0.174 1.5708 0 1.5708
block 0.5549 0.1 0.174 1.5708 0 1.5708

block 0.9 0.0451 0.05875 0 1.5708 1.5708
block 0.9 0.1549 0.05875 0 1.5708 1.5708
block 0.9 0.1 0.12135 0 0 1.5708
block 0.9 0.0451 0.18395 0 1.5708 1.5708
block 0.9 0.1549 0.18395 0 1.5708 1.5708
block 0.9 0.1 0.24655 0 0 1.5708
block 0.9 0.0451 0.30915 0 1.5708 1.5708
block 0.9 0.1549 0.30915 0 1.5708 1.5708
block 0.9 0.1 0.37175 0 0 1.5708
block 0.9 0.0451 0.43435 0 1.5708 1.5708
block 0.9 0.1549 0.43435 0 1.5708 1.5708
block 0.9 0.1 0.49695 0 0 1.5708



