time_step 0.001
xyz 0.25 -0.5 0.5
hpr 90.0 -25.0 0.0

block 0.0 0.1 0.0039  0 0 1.5708
block 0.1175 0.1 0.0039  0 0 1.5708
block 0.2340 0.1 0.0039  0 0 1.5708
block 0.3515 0.1 0.0039  0 0 1.5708
block 0.4690 0.1 0.0039  0 0 1.5708

block 0.6 0.1 0.0039  0.0 0.0 0.7854

block 0.0 0.1 0.0116  0 0 1.5708
block 0.1175 0.1 0.0116  0 0 1.5708
block 0.2340 0.1 0.0116  0 0 1.5708

block 0.0 0.1 0.0193  0 0 1.5708

block 0.0585 0.085 0.026  0.0 0.076 0.0
block 0.0585 0.115 0.026  0.0 0.076 0.0

block 0.1775 0.085 0.0193  0.0 0.0 0.0
block 0.1775 0.115 0.0193  0.0 0.0 0.0

block 0.295 0.085 0.0163  0.0 0.076 0.0
block 0.295 0.115 0.0163  0.0 0.076 0.0

block 0.4135 0.085 0.0116  0.0 0.0 0.0
block 0.4135 0.115 0.0116  0.0 0.0 0.0

ball 0.01 0.1 0.052
ball 0.1275 0.1 0.045
ball 0.3625 0.1 0.038

